key,cedula,primer_nombre,segundo_nombre,primer_apellido,segundo_apellido,direccion,telefono
1,86382,Hayden,Loise,Haugeh,Snoddy,1552 Rutledge Plaza,6356317861
2,15734,Harrietta,Zitella,Tideswell,Dory,2 6th Place,6443690087
3,42103,Kerwinn,Kendrick,Auton,Gremane,86116 Schmedeman Avenue,5798502630
4,35337,Mart,Gerhardt,Yves,,25980 Hoepker Drive,6377686919
5,57433,Patrizia,Lacy,Dewett,Artinstall,68355 Nelson Court,1692714643
6,66972,Garner,Queenie,Batho,Coslett,101 Vermont Circle,3225846471
7,68500,Wilhelmina,Minetta,Dallewater,Ody,26 Dexter Avenue,2322407621
8,16375,,Hubert,,,80 Shelley Place,6941274717
9,56035,,,Kuhnhardt,Surgood,9337 Continental Terrace,5662207394
10,55379,Dagmar,Jory,Dobbison,Kerwick,0 Dawn Avenue,7269358403
11,89735,Dallas,Lyndsay,Morrel,Scudder,12511 Sheridan Center,
12,21058,Breena,,Kohrsen,Tong,0 Morningstar Parkway,4301843496
13,55336,Sallyanne,Carlos,Battyll,Nimmo,02644 Ridge Oak Parkway,8601627550
14,71020,Dorey,Winthrop,Piell,Perott,89096 Duke Circle,2162169311
15,57598,Samuel,,de Zamora,,68 Amoth Court,2426498227
16,53900,Anthea,Milli,Quantrell,,4921 Morrow Lane,5193347947
17,39325,,,MacCaughan,Brastead,6 Vernon Avenue,6855867730
18,22351,Melvin,Cherianne,Redmayne,Josskoviz,79 Debra Terrace,4109416917
19,31313,Schuyler,,Sprules,Korba,63303 Ridgeview Way,5212141338
20,52780,Jessy,Jeanna,Osgordby,,8 Morning Hill,4367209472
21,80668,Loria,Burtie,Brugmann,Isacq,30 Dunning Road,3263222950
22,10386,Manon,Dael,Jaye,Sheeres,4 Beilfuss Place,2794870293
23,82504,Lucas,Menard,Tomeo,,0 Coolidge Trail,
24,44520,Karole,Selinda,Massot,McGeady,68418 Schmedeman Center,1871986704
25,30578,Mira,Sunny,Rizzolo,Bienvenu,60 Helena Center,7231708173
26,40409,Jami,Donnie,Cardis,China,60 Bunting Junction,8486265452
27,71893,Aida,Maridel,Hasard,Cardew,17979 1st Hill,4367304590
28,90785,Yettie,Wald,Jovic,Frostick,3 Thackeray Court,1219121227
29,19363,Merl,Sheffield,Gellier,St Pierre,649 Monument Street,3072672638
30,40973,Dannie,Lora,Gandley,Jovasevic,102 Schurz Court,5631266195
31,58196,Bradney,Veriee,,Fust,4 John Wall Way,3501546119
32,94504,Aurea,Rozella,Swinford,Mulbery,,7091206845
33,25806,Loutitia,Dorice,Ferry,Kensall,92218 Carioca Way,1854223907
34,51860,Consuelo,Andy,Suttell,Trowsdall,2 Grasskamp Street,3807043223
35,80470,Scarlett,Erma,Feldstern,Fendlow,3 Hagan Point,4399926228
36,47151,Kristin,Kit,Keiley,Sambath,13 Straubel Way,3489443559
37,43211,,Luke,Rossbrook,Lindeman,7987 Pine View Drive,7966448304
38,27626,Bekki,Nicol,O'Drought,Biernacki,4203 Briar Crest Center,9765721316
39,47364,Hershel,Ros,Byrde,Hellyar,14 Fremont Terrace,1737967364
40,15649,Mace,Bryn,Fursey,Magner,44 Bonner Drive,4959846037
41,59907,Giffie,Doris,Rowthorne,Leighfield,51704 Del Sol Court,9753684970
42,81727,Berty,Rodina,Else,Mustoe,04 Gerald Avenue,8173027521
43,23633,,Horton,Dust,Spadotto,43484 Maple Park,1559854546
44,17511,Filbert,Michail,Skells,Fairbanks,70 Burrows Place,
45,69875,Thia,,Montel,Dorgon,4 1st Center,5827629830
46,19329,Allistir,Wolfgang,,Downham,569 Dakota Way,1429015435
47,86857,Jyoti,Angelle,Vankeev,Brideau,86778 Upham Place,3133337206
48,88354,Martyn,Sheilah,Roizin,Batsford,09 Warrior Parkway,7149323781
49,59456,,Nils,Hoppner,Brookson,,2813024012
50,59689,Herve,Antonina,Louisot,Chrismas,44 Hanson Crossing,1005251710
51,79092,,Vasily,Whiskerd,Kiera,912 Arrowood Court,4588969922
52,25607,Cacilia,Nissa,,Selland,5565 Anhalt Hill,8684848569
53,75183,Fianna,Gustav,Foukx,Matlock,22080 Summer Ridge Circle,6549500011
54,54927,Mahalia,Star,Trudgian,Fagan,7 Sheridan Circle,2734122488
55,98567,Dre,Jaquelyn,Ablott,Winspeare,1076 Southridge Court,2898368633
56,47806,Carolee,Maddi,Liveley,Patis,144 Maryland Trail,3423715629
57,59843,Lorianne,Abie,Hovard,Messager,63 Monument Lane,5989713631
58,57874,Ferdinanda,Burton,Libbe,Trippick,8878 Del Sol Alley,8134028171
59,71412,Megen,Christie,Fierman,Stockin,4892 Morrow Plaza,8759723451
60,90241,Fanchette,Wilhelmine,Bourdis,O'Donohue,07389 6th Crossing,3035427094
61,19211,Benjy,Ned,Jorat,McMorland,6 Annamark Pass,2027864419
62,67437,Godwin,,Healeas,Waltho,4967 Schlimgen Street,1623689713
63,30664,Marv,Kristal,Reavell,Biddulph,,2651410403
64,37262,Janette,Monique,Gossage,Fice,263 Morning Junction,4721865937
65,14719,Micky,Kay,McDermott,Branston,,7984564171
66,28628,Prince,,Ferrarini,Jerisch,29 Tony Plaza,
67,49480,Alexandre,Ciel,Colbridge,Candwell,3604 Buell Hill,3729623094
68,54682,Valera,Gracie,Lissandrini,Siverns,62 Jana Street,
69,74340,Jenine,Jannel,Brasted,Hayth,,8857826801
70,35277,Nichols,Dehlia,Chanders,Abele,21 Westend Lane,4237117835
71,69462,Trula,Tallulah,Dingsdale,Alcido,3 Melody Street,7257196655
72,21433,,Brigitta,Golden of Ireland,Cressar,6 Lakeland Lane,3923703287
73,74830,Sandye,Whitney,Summerskill,Cudbertson,6139 Clyde Gallagher Point,3598222066
74,34395,Bella,Tabitha,Docket,Lugg,669 Kingsford Crossing,7604226655
75,65589,Guglielma,Darius,Barnewall,Byart,4361 Burning Wood Alley,1452647866
76,78192,Pembroke,Ferne,Fairfoull,Duffett,57247 Kropf Circle,8751718669
77,19808,Hortense,Kerwinn,Crumpton,Scottesmoor,551 Crowley Trail,9041304150
78,26162,Whitney,Elmo,Teasey,,9958 Kensington Parkway,6764077777
79,96513,Kristi,Goldi,Lampard,Scotford,148 Macpherson Plaza,2382462010
80,48314,Lianne,Alec,Swancott,Troyes,8494 Sage Point,8161575876
81,38205,Suzi,Evan,Quinane,Ardern,0 Mosinee Circle,2178904319
82,28577,Diarmid,Benjy,Ranscome,Whitcher,58 Bellgrove Center,6219864863
83,19193,Giacomo,Son,Simmance,Janaway,9683 Autumn Leaf Way,5273577452
84,82588,Mendel,Leanora,Crewe,Shubotham,,7491351156
85,94730,Alain,Margaux,,Slaymaker,2 Pierstorff Crossing,7935194860
86,21442,Rica,Clarey,,Martinez,3 Carey Point,8926789125
87,19849,Keene,Jenny,Admans,Tilby,948 Buell Parkway,1766910259
88,90993,Michal,Gearalt,Featherstonhaugh,Sunock,19 Mifflin Junction,4465136417
89,45743,Kermit,Myrwyn,Doles,Blandford,99636 Redwing Court,1932685582
90,94728,Ciel,Roobbie,Meegin,Delacourt,46819 Stoughton Point,6467416346
91,90742,Brandais,Darcy,Wrotham,Managh,4740 Atwood Street,8565331944
92,85859,Lia,,Grimwood,Golling,375 Cottonwood Plaza,5674112377
93,43523,Mufinella,Clevie,Ferencz,Abrey,6 Kings Court,3444237060
94,13509,Allyn,Ferdinande,Lisciandri,McCaskill,6 Hermina Pass,6563243724
95,90064,Darrelle,Julia,Burkart,Farnes,50820 Glendale Pass,9406441060
96,27854,Maryellen,Trevor,Manueli,Partner,7 Messerschmidt Way,7562699637
97,51183,Carolyn,Jennifer,Merrgan,MacCorley,61982 Straubel Junction,7772205328
98,61937,Devin,Gan,Joselevitz,Dyster,6330 Springview Trail,3164187024
99,27562,Ragnar,Maxy,Howkins,Sowten,1934 Dwight Terrace,2693026761
100,57027,Christoper,Pamela,Woolerton,Rubinsaft,,5153667548
